V01000 V04001 V04002 V04003 V10004 V10201 V10202 V12001 V12052 V12053 V13004 V13003 V13007 V13201 V13241 V13242 V11002 V11042 V11212 V11041 V11043 V14032
59501 2007 1 1 10175 10205 10144 178 230 146 153 76 51 0 32766 13 24 58 7 95 7 85 
59501 2007 1 2 10155 10175 10131 182 227 163 166 80 51 32700 32766 19 16 43 6 68 3 34 
59501 2007 1 3 10153 10171 10137 177 196 168 183 90 75 204 32766 4 15 34 5 58 5 0 
59501 2007 1 4 10175 10189 10159 165 207 145 131 70 56 0 32766 32 25 53 2 95 2 56 
59501 2007 1 5 10199 10215 10178 152 204 115 105 61 46 0 32766 28 24 41 2 81 2 94 
59501 2007 1 6 10218 10244 10193 135 185 107 79 52 32 0 32766 58 40 60 1 121 1 98 
59501 2007 1 7 10232 10258 10205 130 178 100 53 35 25 0 32766 50 29 62 2 114 1 91 
59501 2007 1 8 10246 10272 10221 128 177 89 57 39 24 0 32766 40 18 41 2 92 3 92 
59501 2007 1 9 10233 10261 10203 129 177 89 70 48 27 0 32766 28 10 38 11 55 2 64 
59501 2007 1 10 10218 10241 10194 154 179 126 91 52 37 0 32766 16 10 36 6 56 7 6 
59501 2007 1 11 10200 10222 10174 168 204 143 136 71 53 32700 32766 27 22 45 4 85 5 37 
59501 2007 1 12 10196 10215 10172 176 227 156 152 76 53 0 32766 15 23 41 13 58 13 45 
59501 2007 1 13 10205 10227 10181 163 208 140 128 69 50 0 32766 31 19 49 6 82 6 85 
59501 2007 1 14 10212 10234 10190 165 204 142 129 70 51 0 32766 28 23 42 6 74 7 53 
59501 2007 1 15 10195 10220 10170 175 224 153 151 76 50 0 32766 13 16 36 13 58 11 58 
59501 2007 1 16 10176 10194 10152 201 258 172 166 71 50 0 32766 27 17 33 5 59 4 52 
59501 2007 1 17 10184 10204 10163 161 210 131 168 91 72 314 32766 4 17 42 3 80 3 0 
59501 2007 1 18 10202 10223 10181 150 184 125 124 73 63 32700 32766 23 13 43 3 76 1 5 
59501 2007 1 19 10196 10219 10171 163 210 139 133 72 54 5 32766 22 17 42 11 68 11 71 
59501 2007 1 20 10180 10200 10157 161 184 139 144 79 71 8 32766 18 17 44 4 75 3 0 
59501 2007 1 21 10180 10196 10164 161 179 147 151 82 76 1 32766 15 20 35 4 63 4 0 
59501 2007 1 22 10200 10220 10183 162 188 140 147 80 66 0 32766 21 20 43 6 71 6 17 
59501 2007 1 23 10212 10238 10191 163 203 150 131 71 54 32700 32766 17 17 47 3 88 3 57 
59501 2007 1 24 10224 10248 10203 137 173 110 95 61 45 0 32766 51 24 50 3 103 2 29 
59501 2007 1 25 10221 10250 10193 145 196 113 105 64 45 0 32766 30 17 45 12 71 4 86 
59501 2007 1 26 10218 10242 10196 139 201 111 100 64 40 0 32766 30 22 65 2 129 2 91 
59501 2007 1 27 10228 10242 10208 135 194 108 103 67 40 0 32766 27 17 66 2 126 2 87 
59501 2007 1 28 10252 10286 10224 150 193 119 40 23 18 0 32766 58 28 70 2 127 2 93 
59501 2007 1 29 10242 10266 10210 125 180 72 56 38 16 0 32766 33 21 41 2 82 2 99 
59501 2007 1 30 10236 10255 10208 129 204 76 91 62 21 0 32766 35 16 45 11 64 13 94 
59501 2007 1 31 10227 10249 10203 143 218 86 85 57 17 0 32766 32 9 44 6 79 3 88 
59501 2007 2 1 10238 10260 10219 161 220 102 78 47 15 0 32766 36 23 53 2 115 1 94 
59501 2007 2 2 10243 10265 10224 145 201 108 56 35 15 0 32766 48 26 59 6 90 6 98 
59501 2007 2 3 10226 10248 10198 130 194 81 97 66 27 0 32766 29 23 39 12 61 11 95 
59501 2007 2 4 10192 10221 10162 153 220 106 89 54 22 0 32766 32 12 39 6 70 3 88 
59501 2007 2 5 10187 10205 10164 163 229 121 115 64 38 0 32766 17 12 35 11 56 7 97 
59501 2007 2 6 10186 10206 10166 179 251 121 136 68 40 0 32766 29 13 54 6 80 6 99 
59501 2007 2 7 10190 10214 10172 201 259 153 144 62 43 0 32766 26 17 41 6 71 6 100 
59501 2007 2 8 10183 10204 10165 206 261 165 154 64 39 32700 32766 25 7 39 6 65 6 58 
59501 2007 2 9 10160 10186 10130 222 271 189 200 75 58 0 32766 16 14 46 11 62 11 61 
59501 2007 2 10 10156 10173 10138 207 226 190 203 83 71 32700 32766 19 17 53 6 83 6 38 
59501 2007 2 11 10184 10209 10166 182 206 166 154 74 59 0 32766 39 19 46 7 77 7 0 
59501 2007 2 12 10170 10197 10140 181 230 152 133 65 45 0 32766 36 19 34 6 62 6 80 
59501 2007 2 13 10141 10167 10125 202 258 177 183 78 58 0 32766 22 20 34 6 57 6 66 
59501 2007 2 14 10149 10166 10132 202 235 172 206 88 71 0 32766 14 12 38 11 59 11 40 
59501 2007 2 15 10163 10193 10140 177 211 168 148 73 59 7 32766 33 25 65 6 112 6 0 
59501 2007 2 16 10129 10154 10099 195 236 167 178 78 70 0 32766 17 18 39 6 66 5 13 
59501 2007 2 17 10111 10131 10094 215 256 194 219 86 63 0 32766 15 18 40 11 58 11 7 
59501 2007 2 18 10112 10132 10097 223 255 202 241 90 70 0 32766 17 18 58 11 75 11 42 
59501 2007 2 19 10129 10153 10112 196 226 176 196 86 77 32700 32766 21 29 54 5 85 6 0 
59501 2007 2 20 10143 10160 10125 190 221 172 176 80 68 0 32766 26 16 35 6 64 6 0 
59501 2007 2 21 10149 10171 10128 184 201 176 176 84 72 10 32766 17 32 49 6 83 6 0 
59501 2007 2 22 10134 10160 10115 175 192 169 171 86 75 142 32766 19 5 33 5 58 5 0 
59501 2007 2 23 10134 10157 10116 188 232 154 154 72 54 0 32766 35 31 71 6 129 6 94 
59501 2007 2 24 10142 10161 10116 177 194 159 129 64 56 32700 32766 36 20 56 6 88 6 0 
59501 2007 2 25 10124 10140 10109 193 242 170 170 78 48 24 32766 16 20 55 7 93 6 49 
59501 2007 2 26 10152 10176 10132 177 205 163 141 70 58 0 32766 46 28 59 6 104 7 63 
59501 2007 2 27 10158 10181 10140 172 213 131 137 70 41 0 32766 32 22 49 6 88 6 81 
59501 2007 2 28 10151 10168 10133 194 236 175 154 69 50 0 32766 45 33 58 6 114 5 60 
59501 2007 3 1 10147 10167 10133 196 217 179 169 74 66 32700 32766 22 14 55 6 88 6 6 
59501 2007 3 2 10135 10157 10121 209 255 176 172 71 50 0 32766 18 21 44 7 78 7 49 
59501 2007 3 3 10123 10148 10097 217 266 188 186 73 49 0 32766 37 20 38 7 70 7 97 
59501 2007 3 4 10100 10123 10079 214 257 190 213 85 65 2 32766 20 14 38 13 53 13 50 
59501 2007 3 5 10128 10148 10097 205 246 182 175 73 43 0 32766 41 25 73 6 126 6 21 
59501 2007 3 6 10173 10197 10146 140 183 124 120 75 65 20 32766 45 25 49 6 90 6 0 
59501 2007 3 7 10164 10190 10137 112 128 99 109 82 74 12 32766 15 22 37 3 66 3 0 
59501 2007 3 8 10154 10178 10132 135 157 114 126 82 74 1 32766 22 15 37 4 64 1 0 
59501 2007 3 9 10164 10184 10146 159 184 134 145 80 71 0 32766 8 15 38 3 65 3 0 
59501 2007 3 10 10153 10176 10127 193 244 161 177 80 61 32700 32766 16 13 32 5 50 12 29 
59501 2007 3 11 10167 10190 10141 177 206 165 169 83 74 32700 32766 12 9 58 6 95 6 0 
59501 2007 3 12 10180 10202 10154 173 190 158 142 72 65 0 32766 18 19 42 5 69 4 0 
59501 2007 3 13 10153 10179 10125 193 241 170 177 79 62 0 32766 19 16 34 6 63 6 0 
59501 2007 3 14 10119 10151 10083 203 252 180 195 83 65 32700 32766 21 29 47 6 76 3 62 
59501 2007 3 15 10088 10113 10062 224 269 198 226 84 61 0 32766 20 13 42 11 67 10 65 
59501 2007 3 16 10099 10122 10075 218 248 200 242 93 80 24 32766 4 17 43 6 71 6 0 
59501 2007 3 17 10145 10168 10109 181 203 173 169 81 71 0 32766 35 26 59 6 89 6 0 
59501 2007 3 18 10143 10171 10121 177 215 151 145 73 52 32700 32766 37 20 43 6 65 6 27 
59501 2007 3 19 10149 10168 10132 168 214 134 145 77 59 54 32766 26 29 55 2 99 1 44 
59501 2007 3 20 10189 10216 10164 159 209 132 116 65 44 0 32766 46 22 51 2 100 1 82 
59501 2007 3 21 10186 10208 10165 160 190 130 136 75 58 0 32766 20 18 31 2 61 2 0 
59501 2007 3 22 10175 10196 10152 187 234 166 162 75 61 0 32766 23 14 55 6 84 6 9 
59501 2007 3 23 10159 10183 10129 206 251 182 183 76 63 0 32766 21 24 50 5 76 5 14 
59501 2007 3 24 10108 10147 10075 217 239 200 221 85 74 3 32766 26 16 35 13 52 13 0 
59501 2007 3 25 10087 10109 10067 229 258 210 248 89 74 0 32766 11 21 48 11 62 10 37 
59501 2007 3 26 10099 10117 10081 207 237 198 211 87 82 8 32766 16 21 49 6 78 6 0 
59501 2007 3 27 10101 10112 10081 218 258 196 231 89 80 22 32766 13 18 36 14 66 1 0 
59501 2007 3 28 10128 10148 10110 218 248 199 189 73 51 32700 32766 34 21 56 5 83 5 0 
59501 2007 3 29 10107 10134 10091 229 261 207 226 81 71 32700 32766 23 23 49 11 77 11 64 
59501 2007 3 30 10109 10135 10090 238 271 217 265 90 74 0 32766 22 21 56 11 82 11 42 
59501 2007 3 31 10096 10123 10073 250 272 236 274 87 77 0 32766 28 33 65 10 93 10 72 
59501 2007 4 1 10074 10095 10050 253 274 233 272 85 74 0 32766 36 24 61 10 95 11 81 
59501 2007 4 2 10082 10111 10058 227 267 194 244 87 69 417 32766 45 26 121 15 228 16 0 
59501 2007 4 3 10174 10194 10112 152 194 138 136 79 74 3 32766 47 25 57 2 114 1 0 
59501 2007 4 4 10203 10222 10183 126 141 117 130 89 76 343 32766 31 18 47 2 99 2 0 
59501 2007 4 5 10184 10211 10162 146 165 125 141 85 77 10 32766 3 16 34 3 66 1 0 
59501 2007 4 6 10167 10191 10145 170 192 144 164 85 76 32700 32766 14 11 30 3 50 3 0 
59501 2007 4 7 10160 10181 10137 179 210 155 168 83 65 9 32766 14 17 34 5 62 3 0 
59501 2007 4 8 10162 10178 10142 185 215 170 171 81 65 0 32766 16 16 31 11 46 3 0 
59501 2007 4 9 10160 10180 10142 197 238 170 158 70 30 0 32766 33 24 58 5 91 6 51 
59501 2007 4 10 10160 10174 10147 171 199 161 169 87 65 199 32766 19 13 40 5 63 5 0 
59501 2007 4 11 10152 10173 10134 192 237 153 165 75 51 32700 32766 32 15 43 6 73 5 68 
59501 2007 4 12 10140 10162 10115 199 237 152 141 62 31 0 32766 41 20 51 6 74 6 101 
59501 2007 4 13 10127 10147 10105 205 258 164 191 80 40 0 32766 35 13 43 11 61 11 88 
59501 2007 4 14 10102 10127 10081 220 250 193 226 86 71 32700 32766 18 13 42 11 61 10 26 
59501 2007 4 15 10081 10101 10058 232 262 208 241 85 68 0 32766 22 25 58 11 89 10 57 
59501 2007 4 16 10076 10093 10056 241 283 215 263 88 68 0 32766 22 19 46 12 73 10 70 
59501 2007 4 17 10067 10095 10034 239 253 225 271 91 83 33 32766 28 42 84 10 158 10 0 
59501 2007 4 18 10109 10129 10041 211 275 165 134 56 26 457 32766 32766 28 86 10 139 13 106 
59501 2007 4 19 10143 10161 10126 202 245 173 174 75 44 0 32766 45 25 44 6 80 6 101 
59501 2007 4 20 10127 10150 10100 222 264 187 211 79 68 0 32766 24 18 40 6 70 6 37 
59501 2007 4 21 10104 10124 10083 242 279 219 247 83 58 0 32766 27 14 36 10 52 12 9 
59501 2007 4 22 10077 10101 10048 250 276 226 276 87 76 0 32766 23 26 57 10 92 10 38 
59501 2007 4 23 10068 10084 10052 247 270 227 280 90 85 83 32766 19 35 96 10 178 11 0 
59501 2007 4 24 10081 10105 10063 222 238 211 250 94 88 558 32766 6 26 87 16 139 15 0 
59501 2007 4 25 10136 10155 10096 204 219 195 188 78 70 27 32766 25 17 40 2 71 2 0 
59501 2007 4 26 10154 10173 10130 218 259 186 189 74 44 0 32766 36 21 49 6 76 6 90 
59501 2007 4 27 10146 10169 10120 234 281 204 204 72 48 0 32766 42 23 48 6 68 6 49 
59501 2007 4 28 10133 10150 10107 226 259 207 217 79 64 0 32766 41 34 57 6 90 5 32 
59501 2007 4 29 10124 10142 10105 224 257 211 224 83 64 8 32766 20 21 53 5 93 5 0 
59501 2007 4 30 10113 10134 10095 231 255 218 252 89 79 25 32766 9 13 31 12 41 12 0 
59501 2007 5 1 10116 10134 10097 248 297 213 227 74 42 32700 32766 29 12 42 11 64 10 82 
59501 2007 5 2 10110 10133 10082 243 297 209 224 75 47 0 32766 40 16 32 12 51 5 89 
59501 2007 5 3 10102 10123 10083 247 295 197 222 72 38 0 32766 40 17 40 11 61 10 62 
59501 2007 5 4 10092 10107 10075 236 264 218 250 86 72 51 32766 6 11 23 1 39 16 0 
59501 2007 5 5 10063 10088 10046 228 245 216 256 92 84 216 32766 6 10 47 15 72 15 0 
59501 2007 5 6 10057 10070 10045 248 299 220 227 75 35 0 32766 40 12 45 1 80 1 50 
59501 2007 5 7 10077 10091 10059 248 310 190 213 70 35 0 32766 45 17 53 6 89 5 94 
59501 2007 5 8 10101 10118 10086 244 297 202 209 69 38 0 32766 51 25 55 6 86 6 85 
59501 2007 5 9 10108 10120 10096 252 286 219 224 71 56 0 32766 52 24 58 6 92 6 99 
59501 2007 5 10 10107 10121 10089 266 300 233 184 55 28 0 32766 75 31 64 5 104 6 96 
59501 2007 5 11 10114 10130 10094 251 294 213 212 67 35 0 32766 72 35 57 5 90 5 104 
59501 2007 5 12 10111 10128 10088 257 297 221 231 71 51 0 32766 36 22 51 11 76 11 95 
59501 2007 5 13 10116 10129 10103 253 282 233 250 78 67 0 32766 43 32 62 6 101 6 70 
59501 2007 5 14 10115 10132 10094 251 286 217 245 77 63 0 32766 42 19 45 5 68 5 88 
59501 2007 5 15 10103 10122 10083 261 291 235 264 79 61 0 32766 45 19 48 12 68 12 98 
59501 2007 5 16 10084 10106 10055 268 289 248 290 83 74 0 32766 41 41 69 11 101 10 91 
59501 2007 5 17 10075 10094 10055 273 309 230 238 66 53 3 32766 53 15 45 11 61 6 108 
59501 2007 5 18 10065 10081 10035 265 295 241 297 86 74 60 32766 40 30 84 16 133 16 51 
59501 2007 5 19 10087 10116 10066 245 284 204 250 82 65 221 32766 63 22 63 5 109 6 5 
59501 2007 5 20 10071 10113 10043 209 219 205 236 95 89 925 32766 32 21 46 5 86 5 0 
59501 2007 5 21 10052 10073 10038 223 246 208 248 92 81 366 32766 0 18 37 6 74 3 0 
59501 2007 5 22 10039 10059 10027 233 241 226 274 96 94 255 32766 0 16 31 4 57 3 0 
59501 2007 5 23 10028 10047 10005 258 284 237 311 94 87 133 32766 0 14 48 10 75 10 0 
59501 2007 5 24 10017 10032 10004 279 301 260 336 90 80 32700 32766 20 28 67 10 96 11 59 
59501 2007 5 25 10032 10044 10014 285 305 272 338 87 77 0 32766 28 47 60 10 90 11 98 
59501 2007 5 26 10055 10074 10043 287 311 274 335 85 74 0 32766 44 36 53 11 80 11 83 
59501 2007 5 27 10054 10092 10043 269 312 229 293 84 61 225 32766 38 20 97 12 162 13 24 
59501 2007 5 28 10064 10080 10031 270 305 244 300 84 71 9 32766 25 16 53 10 89 6 26 
59501 2007 5 29 10066 10088 10044 282 309 255 308 81 63 0 32766 34 19 49 10 76 11 100 
59501 2007 5 30 10073 10090 10053 288 328 261 312 80 55 0 32766 52 18 41 5 72 7 108 
59501 2007 5 31 10063 10088 10046 271 301 254 311 87 74 92 32766 37 25 41 6 59 6 24 
59501 2007 6 1 10041 10070 10019 284 306 263 332 86 76 10 32766 26 28 62 10 88 13 45 
59501 2007 6 2 10036 10050 10020 282 312 250 323 85 68 330 32766 27 33 70 11 104 10 91 
59501 2007 6 3 10052 10067 10036 285 312 254 336 87 75 2 32766 36 24 67 11 94 11 103 
59501 2007 6 4 10056 10072 10037 291 311 274 341 85 73 0 32766 41 21 48 11 70 11 25 
59501 2007 6 5 10042 10056 10022 289 309 275 331 83 73 32700 32766 42 38 77 11 106 11 72 
59501 2007 6 6 10044 10059 10025 288 315 267 328 83 67 0 32766 26 27 54 11 80 10 39 
59501 2007 6 7 10042 10055 10028 263 303 250 314 92 70 285 32766 8 15 67 12 106 13 0 
59501 2007 6 8 10039 10067 10028 253 280 234 307 95 85 807 32766 7 24 85 14 149 15 0 
59501 2007 6 9 10036 10049 10016 264 297 236 314 91 79 209 32766 12 19 76 14 138 15 0 
59501 2007 6 10 10020 10047 10001 243 255 227 283 94 88 972 32766 7 23 83 11 139 12 0 
59501 2007 6 11 10008 10023 9998 268 297 242 303 87 72 3 32766 12 14 42 11 63 10 56 
59501 2007 6 12 10019 10031 10002 273 298 255 323 89 76 8 32766 4 15 41 10 65 11 25 
59501 2007 6 13 10024 10040 10010 270 297 249 325 91 83 417 32766 30 31 84 12 129 12 0 
59501 2007 6 14 10029 10046 10020 252 286 240 300 94 84 239 32766 6 26 78 12 129 13 0 
59501 2007 6 15 10039 10056 10027 264 291 246 305 89 71 187 32766 12 16 41 11 59 11 58 
59501 2007 6 16 10043 10054 10029 278 310 257 305 82 64 32700 32766 28 17 37 10 58 11 40 
59501 2007 6 17 10053 10067 10040 263 280 251 315 93 82 74 32766 22 19 43 5 74 11 0 
59501 2007 6 18 10057 10071 10037 275 313 249 305 84 62 0 32766 25 13 31 6 49 6 50 
59501 2007 6 19 10061 10078 10041 286 322 253 314 81 57 0 32766 37 19 40 11 58 6 97 
59501 2007 6 20 10060 10073 10047 289 319 259 308 78 61 0 32766 47 15 35 6 59 7 105 
59501 2007 6 21 10059 10071 10038 294 321 260 310 76 63 0 32766 42 14 46 11 64 11 101 
59501 2007 6 22 10059 10069 10044 301 330 268 315 75 57 0 32766 55 19 51 11 75 11 97 
59501 2007 6 23 10067 10080 10051 297 320 265 313 76 54 0 32766 52 28 56 10 83 10 93 
59501 2007 6 24 10059 10078 10033 298 320 283 337 81 69 6 32766 59 37 65 11 99 11 91 
59501 2007 6 25 10041 10061 10022 293 312 283 328 81 67 0 32766 53 37 73 11 97 10 94 
59501 2007 6 26 10032 10048 10012 294 321 276 326 80 63 10 32766 49 31 60 10 88 11 77 
59501 2007 6 27 10031 10049 10018 286 303 250 328 84 75 474 32766 45 19 40 6 63 5 13 
59501 2007 6 28 10049 10062 10036 255 280 244 308 94 85 827 32766 18 18 63 9 105 11 0 
59501 2007 6 29 10057 10071 10042 270 308 252 320 90 69 119 32766 16 16 57 6 122 6 54 
59501 2007 6 30 10060 10070 10044 268 303 242 303 86 71 531 32766 51 29 70 12 112 13 13 
59501 2007 7 1 10064 10082 10053 273 311 240 310 86 69 70 32766 26 25 62 9 116 9 56 
59501 2007 7 2 10064 10080 10048 291 317 271 332 83 65 1 32766 23 14 38 5 61 6 64 
59501 2007 7 3 10057 10075 10044 293 322 268 328 81 63 0 32766 48 23 49 6 83 6 105 
59501 2007 7 4 10046 10064 10034 294 318 271 326 80 66 57 32766 40 24 42 5 68 7 114 
59501 2007 7 5 10047 10059 10034 292 315 278 326 81 65 8 32766 43 29 58 9 103 10 66 
59501 2007 7 6 10059 10066 10045 291 316 271 328 82 66 32 32766 43 22 55 11 79 10 83 
59501 2007 7 7 10068 10082 10051 300 324 276 336 80 67 9 32766 50 23 50 11 73 11 95 
59501 2007 7 8 10044 10072 10027 298 318 281 322 77 66 32700 32766 58 27 56 10 87 11 94 
59501 2007 7 9 10021 10039 10001 298 317 274 318 76 65 0 32766 57 30 58 10 82 12 111 
59501 2007 7 10 10009 10024 9988 295 321 282 324 79 66 0 32766 68 39 67 10 98 10 101 
59501 2007 7 11 9997 10010 9976 296 318 273 329 80 67 0 32766 46 44 61 11 90 9 113 
59501 2007 7 12 9980 10000 9956 297 322 277 333 80 63 0 32766 52 28 55 11 79 10 72 
59501 2007 7 13 9971 9987 9952 295 317 277 338 83 71 0 32766 40 27 65 11 93 11 98 
59501 2007 7 14 9990 10002 9967 295 322 276 347 85 70 0 32766 58 35 61 10 91 11 108 
59501 2007 7 15 10022 10031 9998 300 326 283 341 81 61 1 32766 57 29 72 10 103 10 98 
59501 2007 7 16 10040 10056 10026 297 319 258 345 83 69 277 32766 73 23 61 11 122 11 77 
59501 2007 7 17 10051 10063 10039 297 315 275 340 82 73 28 32766 54 34 54 10 77 10 83 
59501 2007 7 18 10061 10076 10048 297 317 281 338 81 73 25 32766 33 35 61 11 86 10 104 
59501 2007 7 19 10064 10081 10050 294 313 278 340 83 74 3 32766 63 42 67 11 99 11 109 
59501 2007 7 20 10068 10085 10047 291 314 274 330 82 72 0 32766 72 37 72 11 103 11 115 
59501 2007 7 21 10063 10076 10050 292 315 271 325 81 67 0 32766 65 34 72 10 111 10 114 
59501 2007 7 22 10059 10073 10042 289 316 272 331 83 69 0 32766 53 42 66 10 102 10 99 
59501 2007 7 23 10068 10078 10050 288 316 269 330 84 65 0 32766 53 41 66 11 104 12 117 
59501 2007 7 24 10080 10092 10062 290 313 271 323 81 70 0 32766 64 32 68 10 93 11 118 
59501 2007 7 25 10081 10098 10060 291 319 265 306 76 60 0 32766 65 23 54 11 77 10 118 
59501 2007 7 26 10077 10088 10063 291 322 260 295 74 56 0 32766 52 19 43 11 69 11 118 
59501 2007 7 27 10077 10094 10063 298 332 265 297 71 54 0 32766 45 24 42 6 72 5 118 
59501 2007 7 28 10077 10093 10055 302 338 269 313 74 51 0 32766 34 24 43 11 68 6 107 
59501 2007 7 29 10075 10096 10056 299 331 258 323 77 54 153 32766 32766 19 44 11 65 11 93 
59501 2007 7 30 10073 10085 10053 303 327 274 317 74 56 0 32766 50 20 55 10 79 11 97 
59501 2007 7 31 10059 10076 10038 298 323 273 307 74 57 0 32766 64 26 64 10 89 11 108 
59501 2007 8 1 10048 10063 10022 298 322 272 315 76 61 0 32766 44 24 62 11 88 11 112 
59501 2007 8 2 10040 10055 10020 297 321 273 325 78 65 0 32766 67 37 60 10 84 11 109 
59501 2007 8 3 10043 10060 10024 302 326 274 320 75 60 0 32766 66 21 58 11 80 10 116 
59501 2007 8 4 10038 10053 10020 301 337 273 320 76 54 0 32766 59 20 44 6 74 7 114 
59501 2007 8 5 10047 10057 10037 286 319 263 295 76 62 17 32766 67 27 57 6 106 6 88 
59501 2007 8 6 10053 10070 10031 276 317 249 303 83 64 222 32766 44 23 51 6 90 6 54 
59501 2007 8 7 10018 10059 9993 294 331 265 304 76 46 10 32766 56 18 40 7 69 6 99 
59501 2007 8 8 9956 10006 9929 284 335 258 313 81 53 142 32766 37 23 62 4 115 4 0 
59501 2007 8 9 9943 9953 9929 277 296 268 313 85 75 52 32766 34 37 56 4 116 4 0 
59501 2007 8 10 9951 9967 9934 259 277 252 304 91 82 720 32766 12 19 54 5 97 5 0 
59501 2007 8 11 9923 9961 9912 260 276 247 308 92 85 369 32766 5 42 77 11 129 10 0 
59501 2007 8 12 9949 9967 9919 267 278 254 326 93 88 227 32766 6 39 86 11 125 10 0 
59501 2007 8 13 9985 10001 9967 278 301 264 342 92 81 32700 32766 20 33 60 11 91 11 0 
59501 2007 8 14 9980 10006 9958 261 276 247 316 93 87 295 32766 0 20 68 14 123 13 0 
59501 2007 8 15 9958 9974 9942 261 285 249 308 92 78 878 32766 12 10 57 10 92 5 0 
59501 2007 8 16 9992 10009 9969 265 281 254 307 89 82 39 32766 6 31 65 5 115 5 0 
59501 2007 8 17 10011 10024 9993 274 315 253 317 87 64 95 32766 30 23 64 5 107 5 62 
59501 2007 8 18 9978 10006 9957 290 330 253 316 80 59 32700 32766 37 22 42 11 73 3 74 
59501 2007 8 19 9972 9993 9949 283 306 258 302 79 67 46 32766 34 23 64 12 97 12 17 
59501 2007 8 20 10017 10036 9992 257 280 238 312 95 86 1157 32766 32766 21 66 16 125 16 0 
59501 2007 8 21 10033 10048 10019 274 285 265 332 91 88 4 32766 14 45 57 10 87 10 0 
59501 2007 8 22 10046 10070 10028 266 276 235 308 88 83 170 32766 10 34 76 11 129 11 0 
59501 2007 8 23 10065 10076 10050 265 301 248 321 93 79 684 32766 23 14 56 11 83 9 0 
59501 2007 8 24 10083 10100 10070 273 300 250 310 86 72 6 32766 23 11 29 4 52 3 15 
59501 2007 8 25 10073 10097 10050 274 298 258 306 84 67 1 32766 22 14 34 12 66 7 35 
59501 2007 8 26 10067 10082 10047 281 318 249 299 80 60 0 32766 20 14 44 5 69 5 35 
59501 2007 8 27 10084 10095 10069 280 307 264 315 84 73 15 32766 33 36 62 5 109 5 67 
59501 2007 8 28 10085 10108 10060 285 320 257 313 81 62 59 32766 38 17 50 6 80 6 74 
59501 2007 8 29 10079 10103 10054 288 326 259 308 79 59 0 32766 47 23 36 7 57 6 73 
59501 2007 8 30 10061 10080 10037 287 316 259 313 80 59 0 32766 40 21 52 11 75 11 87 
59501 2007 8 31 10052 10065 10033 288 313 264 306 78 62 0 32766 35 21 53 11 74 11 94 
59501 2007 9 1 10045 10061 10028 291 310 264 299 75 64 0 32766 50 20 45 10 71 10 91 
59501 2007 9 2 10050 10061 10040 263 290 241 302 89 74 186 32766 14 21 42 12 56 12 0 
59501 2007 9 3 10055 10068 10038 268 300 244 303 86 72 1 32766 31 15 45 10 65 11 24 
59501 2007 9 4 10051 10063 10036 271 302 256 310 86 72 1 32766 25 15 43 10 67 9 32 
59501 2007 9 5 10057 10074 10046 264 290 239 258 76 61 258 32766 29 25 57 16 89 16 12 
59501 2007 9 6 10058 10076 10044 265 301 239 245 71 52 32700 32766 44 25 34 3 61 2 26 
59501 2007 9 7 10053 10072 10038 267 290 249 263 76 59 0 32766 44 18 43 6 67 5 4 
59501 2007 9 8 10051 10064 10031 273 307 250 259 72 55 32700 32766 23 23 53 5 90 5 44 
59501 2007 9 9 10053 10066 10030 269 307 247 276 78 60 0 32766 37 30 55 5 88 5 40 
59501 2007 9 10 10065 10076 10050 273 308 250 265 73 57 0 32766 55 33 54 6 92 4 76 
59501 2007 9 11 10064 10085 10044 276 323 249 261 72 51 0 32766 58 24 54 6 89 7 90 
59501 2007 9 12 10061 10076 10045 276 310 248 244 67 45 0 32766 61 31 54 6 93 6 100 
59501 2007 9 13 10061 10075 10042 276 314 244 241 66 46 0 32766 50 22 51 6 76 6 93 
59501 2007 9 14 10048 10070 10021 284 324 242 203 54 25 0 32766 52 19 41 11 63 11 99 
59501 2007 9 15 10030 10047 10014 293 337 246 269 67 45 0 32766 37 17 36 11 54 10 86 
59501 2007 9 16 10040 10054 10027 278 303 261 293 79 57 1 32766 32 15 38 3 66 3 23 
59501 2007 9 17 10047 10067 10027 280 318 255 283 76 50 0 32766 43 21 38 10 64 6 86 
59501 2007 9 18 9997 10043 9962 292 344 258 180 46 30 0 32766 80 43 74 16 129 16 106 
59501 2007 9 19 9993 10019 9975 287 318 264 195 50 39 0 32766 79 27 68 16 116 15 88 
59501 2007 9 20 10049 10062 10019 281 320 254 201 53 44 0 32766 72 39 58 2 112 1 79 
59501 2007 9 21 10063 10080 10050 278 330 237 261 71 47 44 32766 34 20 49 6 78 6 91 
59501 2007 9 22 10039 10070 10013 288 329 258 240 61 47 32700 32766 50 39 73 16 112 16 98 
59501 2007 9 23 10009 10036 9988 273 308 245 266 74 60 81 32766 43 37 63 2 124 2 28 
59501 2007 9 24 10033 10057 10011 253 286 243 298 93 78 927 32766 31 25 67 5 121 5 0 
59501 2007 9 25 10092 10110 10057 268 305 243 286 82 67 1 32766 28 27 52 5 82 5 43 
59501 2007 9 26 10102 10122 10080 274 314 246 259 72 46 0 32766 36 25 54 6 92 5 80 
59501 2007 9 27 10096 10115 10067 278 319 246 269 73 53 0 32766 45 19 51 6 83 4 104 
59501 2007 9 28 10092 10110 10075 282 327 242 275 73 49 0 32766 47 22 50 6 92 5 104 
59501 2007 9 29 10088 10104 10068 288 335 253 280 72 47 0 32766 44 17 54 5 87 5 104 
59501 2007 9 30 10061 10092 10038 292 331 264 271 68 48 0 32766 49 27 56 5 106 5 89 
59501 2007 10 1 10041 10058 10027 286 322 266 274 71 55 32700 32766 52 27 59 5 99 5 33 
59501 2007 10 2 10061 10077 10037 269 287 255 285 81 66 20 32766 34 36 71 5 119 4 0 
59501 2007 10 3 10091 10110 10069 256 276 236 282 86 78 71 32766 17 30 71 6 145 6 0 
59501 2007 10 4 10087 10104 10067 274 309 238 280 77 56 0 32766 30 21 47 12 81 5 100 
59501 2007 10 5 10049 10092 10019 276 328 238 278 76 44 0 32766 37 21 55 12 78 12 100 
59501 2007 10 6 10007 10032 9981 284 334 239 250 66 38 0 32766 38 19 63 16 115 16 96 
59501 2007 10 7 10001 10029 9974 290 328 252 249 63 45 0 32766 43 17 49 12 70 14 70 
59501 2007 10 8 10056 10076 10029 288 320 268 250 64 47 32700 32766 46 31 54 15 87 15 30 
59501 2007 10 9 10105 10123 10076 246 278 225 191 62 53 0 32766 74 30 50 2 107 1 33 
59501 2007 10 10 10119 10133 10103 248 286 227 213 68 56 0 32766 42 20 43 2 80 1 22 
59501 2007 10 11 10134 10153 10119 254 292 233 244 75 59 0 32766 28 18 47 6 68 5 29 
59501 2007 10 12 10147 10165 10134 252 278 236 235 74 58 1 32766 31 22 41 4 74 5 8 
59501 2007 10 13 10149 10162 10134 262 300 232 220 66 45 32700 32766 53 24 57 4 98 3 74 
59501 2007 10 14 10157 10173 10141 256 288 226 234 72 56 32700 32766 36 21 43 6 69 6 26 
59501 2007 10 15 10172 10185 10156 243 275 222 204 67 55 0 32766 33 28 50 3 80 4 37 
59501 2007 10 16 10172 10188 10150 239 274 214 180 61 46 0 32766 56 22 48 3 93 4 76 
59501 2007 10 17 10163 10182 10144 236 265 213 173 60 49 0 32766 52 24 37 3 61 6 53 
59501 2007 10 18 10152 10174 10127 236 283 200 190 67 42 0 32766 48 23 51 6 81 6 77 
59501 2007 10 19 10157 10184 10132 237 289 199 191 67 38 0 32766 41 14 35 2 69 1 92 
59501 2007 10 20 10157 10179 10138 230 276 198 176 65 40 0 32766 45 24 53 5 90 5 95 
59501 2007 10 21 10154 10174 10130 221 269 190 183 70 39 0 32766 50 21 54 6 83 7 94 
59501 2007 10 22 10140 10163 10111 231 280 190 189 69 45 0 32766 43 22 41 6 64 5 93 
59501 2007 10 23 10141 10157 10119 234 281 197 208 73 50 0 32766 33 26 50 7 86 6 101 
59501 2007 10 24 10144 10159 10119 250 306 204 211 68 45 0 32766 41 17 52 6 86 6 104 
59501 2007 10 25 10134 10153 10111 253 303 220 230 72 49 0 32766 39 26 59 6 89 7 100 
59501 2007 10 26 10121 10139 10100 254 301 221 223 70 40 0 32766 53 19 46 10 80 6 100 
59501 2007 10 27 10116 10140 10088 239 271 223 215 73 55 0 32766 41 27 37 5 68 5 56 
59501 2007 10 28 10118 10141 10091 236 272 217 213 74 54 0 32766 32 19 34 12 55 7 46 
59501 2007 10 29 10126 10146 10099 241 293 204 202 69 43 0 32766 41 23 59 6 104 5 89 
59501 2007 10 30 10146 10156 10133 238 273 217 207 71 52 19 32766 15 23 55 5 99 6 32 
59501 2007 10 31 10154 10174 10134 227 248 215 221 80 70 0 32766 38 18 39 1 63 3 0 
59501 2007 11 1 10156 10172 10141 210 226 197 184 74 68 32700 32766 49 40 57 1 103 1 0 
59501 2007 11 2 10158 10176 10135 192 229 155 149 68 56 2 32766 41 35 61 2 107 2 23 
59501 2007 11 3 10159 10176 10134 214 258 180 146 58 42 0 32766 38 18 43 3 73 2 96 
59501 2007 11 4 10160 10173 10131 211 260 171 149 61 39 0 32766 41 16 56 2 94 2 99 
59501 2007 11 5 10134 10164 10112 215 250 177 128 51 39 0 32766 41 22 43 2 87 2 82 
59501 2007 11 6 10109 10129 10090 236 288 202 162 56 41 0 32766 49 17 54 2 96 1 89 
59501 2007 11 7 10108 10125 10091 233 267 211 151 53 43 32700 32766 60 37 49 2 93 1 45 
59501 2007 11 8 10111 10125 10094 218 240 180 178 69 58 31 32766 20 23 39 2 77 2 8 
59501 2007 11 9 10123 10139 10108 221 275 201 189 71 43 0 32766 34 29 48 6 76 5 97 
59501 2007 11 10 10143 10161 10128 209 249 176 169 69 45 0 32766 46 25 55 6 96 6 93 
59501 2007 11 11 10158 10177 10133 201 248 167 167 72 42 0 32766 41 22 64 6 96 6 87 
59501 2007 11 12 10157 10176 10134 197 243 160 158 69 38 0 32766 40 23 54 6 85 7 90 
59501 2007 11 13 10152 10169 10131 205 259 161 153 66 31 0 32766 34 19 46 6 79 6 94 
59501 2007 11 14 10160 10181 10144 207 264 166 174 72 41 0 32766 34 24 53 6 88 6 95 
59501 2007 11 15 10170 10186 10147 216 278 170 177 70 40 0 32766 30 30 57 6 99 6 93 
59501 2007 11 16 10156 10184 10123 221 275 184 189 72 49 0 32766 30 18 51 6 85 7 94 
59501 2007 11 17 10137 10152 10112 224 280 193 202 75 51 0 32766 30 24 38 5 65 5 93 
59501 2007 11 18 10161 10185 10137 218 253 201 180 69 54 0 32766 38 21 51 2 80 2 47 
59501 2007 11 19 10193 10218 10168 195 236 169 150 67 51 32700 32766 40 29 47 2 81 2 65 
59501 2007 11 20 10186 10210 10159 189 240 150 142 66 44 0 32766 50 23 57 2 106 2 96 
59501 2007 11 21 10184 10207 10157 197 254 171 154 68 41 0 32766 38 23 48 6 77 6 87 
59501 2007 11 22 10178 10201 10153 196 237 173 158 69 48 0 32766 27 21 63 6 90 6 73 
59501 2007 11 23 10158 10188 10123 206 252 169 149 63 42 0 32766 36 24 49 6 79 6 79 
59501 2007 11 24 10153 10167 10131 210 253 184 153 62 41 0 32766 51 28 56 5 89 4 80 
59501 2007 11 25 10146 10167 10123 205 258 176 160 67 40 0 32766 40 20 43 11 61 11 58 
59501 2007 11 26 10114 10151 10087 220 244 202 148 56 50 0 32766 37 49 57 2 124 1 28 
59501 2007 11 27 10098 10114 10078 192 230 174 94 43 27 0 32766 66 41 74 1 153 1 57 
59501 2007 11 28 10133 10155 10112 158 207 123 48 27 17 0 32766 81 32 77 1 135 2 96 
59501 2007 11 29 10181 10199 10149 152 208 116 68 40 20 0 32766 51 19 41 2 69 2 96 
59501 2007 11 30 10216 10240 10197 153 216 105 95 57 27 0 32766 41 16 52 7 83 6 95 
59501 2007 12 1 10203 10227 10174 183 241 130 132 65 42 0 32766 18 17 47 5 74 6 93 
59501 2007 12 2 10191 10210 10163 191 246 164 155 72 43 0 32766 14 13 44 12 63 7 68 
59501 2007 12 3 10198 10214 10179 193 242 164 113 52 32 0 32766 42 19 47 2 87 2 89 
59501 2007 12 4 10222 10242 10200 173 214 137 128 65 45 0 32766 40 20 52 6 88 6 55 
59501 2007 12 5 10225 10243 10203 181 209 168 133 64 51 0 32766 31 24 39 5 64 6 3 
59501 2007 12 6 10199 10228 10171 184 227 162 146 69 50 0 32766 21 15 38 11 53 11 24 
59501 2007 12 7 10184 10203 10162 184 233 156 138 67 35 0 32766 17 19 38 6 65 6 68 
59501 2007 12 8 10187 10219 10161 166 202 147 135 72 57 0 32766 30 24 51 6 92 6 72 
59501 2007 12 9 10167 10188 10142 174 232 145 154 78 51 0 32766 29 20 40 10 67 6 52 
59501 2007 12 10 10153 10174 10133 197 252 163 168 74 53 0 32766 28 15 40 4 70 4 85 
59501 2007 12 11 10132 10150 10115 207 268 163 169 71 48 0 32766 26 14 37 6 67 5 75 
59501 2007 12 12 10114 10134 10090 209 260 191 186 75 47 0 32766 17 11 46 12 61 12 71 
59501 2007 12 13 10117 10133 10098 207 263 168 167 71 44 0 32766 28 18 51 2 96 1 80 
59501 2007 12 14 10142 10161 10119 183 226 152 151 72 58 32700 32766 41 20 48 6 78 7 64 
59501 2007 12 15 10161 10178 10137 184 228 157 157 75 55 0 32766 29 18 52 6 85 6 74 
59501 2007 12 16 10177 10202 10157 190 232 168 162 74 54 0 32766 33 22 49 6 80 7 73 
59501 2007 12 17 10165 10189 10148 197 227 182 172 75 62 32700 32766 14 11 26 5 39 6 0 
59501 2007 12 18 10160 10185 10141 196 235 170 188 83 65 0 32766 24 23 46 6 79 6 59 
59501 2007 12 19 10159 10187 10134 190 227 179 175 80 53 32700 32766 23 14 39 12 53 2 0 
59501 2007 12 20 10162 10194 10136 193 237 168 165 75 54 32700 32766 23 26 50 6 75 6 49 
59501 2007 12 21 10143 10168 10115 207 256 185 184 76 57 32700 32766 24 19 37 5 64 5 85 
59501 2007 12 22 10128 10145 10105 203 253 182 206 87 63 0 32766 20 21 46 6 71 6 41 
59501 2007 12 23 10129 10145 10110 196 208 187 194 85 78 5 32766 9 25 38 5 58 6 0 
59501 2007 12 24 10140 10158 10126 173 200 151 162 82 68 114 32766 30 19 41 2 68 2 0 
59501 2007 12 25 10160 10174 10146 166 210 139 138 73 54 0 32766 26 20 37 12 62 2 52 
59501 2007 12 26 10168 10184 10143 170 216 133 137 71 50 0 32766 39 22 51 6 80 6 90 
59501 2007 12 27 10146 10185 10110 172 220 142 143 74 46 0 32766 35 21 43 4 83 4 89 
59501 2007 12 28 10125 10147 10097 180 241 140 163 80 49 0 32766 21 21 51 12 70 10 88 
59501 2007 12 29 10134 10149 10117 176 216 150 129 65 49 0 32766 35 26 53 2 99 2 59 
59501 2007 12 30 10166 10185 10143 147 190 127 77 47 31 0 32766 57 36 52 2 93 2 64 
59501 2007 12 31 10200 10221 10179 131 175 102 45 31 20 0 32766 56 32 69 1 117 2 93 
